1: BLGH_06327-mRNA-1  100.00   37.89   41.46   35.04   34.51   34.95   33.21   31.36   29.90   28.35   29.71   26.70   26.70   25.99   25.27   29.15   24.22   24.22   28.00   28.32   34.38   27.27   28.86   26.85   26.85
2: BLGH_01670-mRNA-1   37.89  100.00   44.89   33.47   34.75   30.19   29.41   34.35   30.20   30.45   34.19   29.65   29.65   31.27   21.59   26.59   30.43   30.43   29.89   26.26   31.56   25.37   27.07   31.58   30.83
3: BLGH_01965-mRNA-1   41.46   44.89  100.00   41.55   41.39   38.70   34.62   32.71   37.52   36.93   35.00   28.72   28.72   35.82   29.11   34.48   34.41   34.41   31.18   27.56   39.20   34.52   34.39   36.76   36.76
4: BLGH_06893-mRNA-1   35.04   33.47   41.55  100.00   43.49   37.59   43.20   43.51   30.63   29.52   32.14   24.59   24.59   30.13   22.39   27.86   30.00   30.00   32.31   26.60   36.71   30.77   30.86   29.63   28.40
5: BLGH_06437-mRNA-1   34.51   34.75   41.39   43.49  100.00   42.86   38.02   41.57   34.38   33.26   32.46   22.46   22.46   34.55   27.36   34.51   33.90   33.90   31.64   28.89   34.36   31.33   30.23   31.98   31.40
6: BLGH_07081-mRNA-1   34.95   30.19   38.70   37.59   42.86  100.00   42.17   44.11   28.72   28.72   27.89   23.44   23.44   32.75   28.57   26.79   26.19   26.19   29.41   35.07   35.22   30.56   26.67   32.00   32.67
7: BLGH_06207-mRNA-1   33.21   29.41   34.62   43.20   38.02   42.17  100.00   70.37   29.52   29.52   25.00   27.43   27.43   27.52   28.35   25.60   28.57   28.57   26.05   26.55   32.96   21.85   26.11   29.94   29.94
8: BLGH_06208-mRNA-1   31.36   34.35   32.71   43.51   41.57   44.11   70.37  100.00   33.66   33.17   33.63   31.33   31.33   42.00   32.79   27.61   31.94   31.94   28.57   31.20   34.85   23.84   31.21   31.21   30.57
9: BLGH_05647-mRNA-1   29.90   30.20   37.52   30.63   34.38   28.72   29.52   33.66  100.00   98.30   43.96   37.93   37.93   41.85   34.41   33.13   28.00   28.00   32.59   34.15   43.24   34.22   37.69   37.31   37.31
10: BLGH_05669-mRNA-1   28.35   30.45   36.93   29.52   33.26   28.72   29.52   33.17   98.30  100.00   43.54   38.24   38.24   41.36   34.71   32.51   27.60   27.60   32.59   34.76   43.34   34.60   38.08   38.08   38.08
11: BLGH_06550-mRNA-1   29.71   34.19   35.00   32.14   32.46   27.89   25.00   33.63   43.96   43.54  100.00   39.69   39.69   40.73   27.72   32.39   26.06   26.06   36.11   27.74   38.35   28.03   33.58   35.07   35.82
12: BLGH_04781-mRNA-1   26.70   29.65   28.72   24.59   22.46   23.44   27.43   31.33   37.93   38.24   39.69  100.00  100.00   49.22   27.41   27.50   24.00   24.00   28.57   29.90   31.01   31.46   38.20   37.08   34.83
13: BLGH_04782-mRNA-1   26.70   29.65   28.72   24.59   22.46   23.44   27.43   31.33   37.93   38.24   39.69  100.00  100.00   49.22   27.41   27.50   24.00   24.00   28.57   29.90   31.01   31.46   38.20   37.08   34.83
14: BLGH_06911-mRNA-1   25.99   31.27   35.82   30.13   34.55   32.75   27.52   42.00   41.85   41.36   40.73   49.22   49.22  100.00   22.29   27.38   29.79   29.79   36.08   31.20   35.56   26.17   34.86   28.44   26.61
15: BLGH_02953-mRNA-1   25.27   21.59   29.11   22.39   27.36   28.57   28.35   32.79   34.41   34.71   27.72   27.41   27.41   22.29  100.00   44.10   37.83   37.83   28.48   37.84   37.91   26.53   34.90   35.57   35.57
16: BLGH_02744-mRNA-1   29.15   26.59   34.48   27.86   34.51   26.79   25.60   27.61   33.13   32.51   32.39   27.50   27.50   27.38   44.10  100.00   47.35   47.35   33.20   38.02   45.70   31.70   34.82   33.48   33.48
17: BLGH_05509-mRNA-1   24.22   30.43   34.41   30.00   33.90   26.19   28.57   31.94   28.00   27.60   26.06   24.00   24.00   29.79   37.83   47.35  100.00  100.00   33.78   31.78   39.03   23.46   20.51   19.23   19.23
18: BLGH_05511-mRNA-1   24.22   30.43   34.41   30.00   33.90   26.19   28.57   31.94   28.00   27.60   26.06   24.00   24.00   29.79   37.83   47.35  100.00  100.00   33.78   31.78   39.03   23.46   20.51   19.23   19.23
19: BLGH_03222-mRNA-1   28.00   29.89   31.18   32.31   31.64   29.41   26.05   28.57   32.59   32.59   36.11   28.57   28.57   36.08   28.48   33.20   33.78   33.78  100.00   38.98   50.00   34.04   36.11   34.72   34.72
20: BLGH_04691-mRNA-1   28.32   26.26   27.56   26.60   28.89   35.07   26.55   31.20   34.15   34.76   27.74   29.90   29.90   31.20   37.84   38.02   31.78   31.78   38.98  100.00   48.92   34.62   28.46   26.15   26.15
21: BLGH_04103-mRNA-1   34.38   31.56   39.20   36.71   34.36   35.22   32.96   34.85   43.24   43.34   38.35   31.01   31.01   35.56   37.91   45.70   39.03   39.03   50.00   48.92  100.00   45.97   41.30   40.71   40.41
22: BLGH_06998-mRNA-1   27.27   25.37   34.52   30.77   31.33   30.56   21.85   23.84   34.22   34.60   28.03   31.46   31.46   26.17   26.53   31.70   23.46   23.46   34.04   34.62   45.97  100.00   48.35   43.54   43.54
23: BLGH_07068-mRNA-1   28.86   27.07   34.39   30.86   30.23   26.67   26.11   31.21   37.69   38.08   33.58   38.20   38.20   34.86   34.90   34.82   20.51   20.51   36.11   28.46   41.30   48.35  100.00   69.62   69.32
24: BLGH_07084-mRNA-1   26.85   31.58   36.76   29.63   31.98   32.00   29.94   31.21   37.31   38.08   35.07   37.08   37.08   28.44   35.57   33.48   19.23   19.23   34.72   26.15   40.71   43.54   69.62  100.00   98.82
25: BLGH_07086-mRNA-1   26.85   30.83   36.76   28.40   31.40   32.67   29.94   30.57   37.31   38.08   35.82   34.83   34.83   26.61   35.57   33.48   19.23   19.23   34.72   26.15   40.41   43.54   69.32   98.82  100.00
